23012
23012
23012
23359
23430
24410
24410
24510
24510
24869
24869
25262
25262
25843
25843
25843
25843
26881
26881
26881
27222
27222
27954
27954
27985
27985
28298
28364
28514
28514
29220
29306
29306
29950
29950
29950
30127
30267
30267
32018
32041
32175
33094
33361
33361
33361
33895
33895
34673
34674
34674
34674
35036
35100
35100
35100
35100
35171
35226
35668
35668
35808
35907
35907
35907
36092
36092
36649
36649
36649
36649
36649
36649
36649
36880
37423
37423
37423
37423
37423
37465
37614
37614
37921
37921
37952
38158
38526
38526
38526
38526
38725
38777
38777
38808
38928
38928
38928
38928
38932
38941
38941
39032
39032
39109
39117
39140
39140
39170
39170
39170
39174
39183
39276
39304
39304
39311
39311
39318
39338
39338
39363
39385
39412
39462
39602
39602
39602
39637
39637
39637
39637
39692
39837
39840
39840
39849
39849
39855
39861
39861
39861
39861
39867
39867
39867
39867
39867
39871
39881
39881
39881
39881
39881
39881
39883
39883
39883
39883
39883
39883
39883
39950
39950
39950
39950
39951
39962
39965
39966
39966
39967
39970
39971
39972
39975
39976
39976
39977
39977
39977
39977
39980
39980
39980
39980
39981
39981
39982
39982
39982
39982
39982
39982
39982
39982
39982
39982
39985
39985
39985
39985
39985
39985
39985
39986
39986
39986
39986
39986
39986
39986
39986
39986
39991
39992
39992
39992
39992
39993
39998
39998
39998
39998
39998
39998
39998
39998
39998
39999
39999
39999
39999
40000
gen: 2341, 1, 1, 1, 1, 1, 1, 1, 1, 1, 1, 1, 1, 1, 1, 1, 1, 1, 1, 1, 1, 1, 1, 1, 1, 1, 1, 1, 1, 1, 1, 1, 1, 1, 1, 1, 1, 1, 1, 1, 1, 1, 1, 1, 1, 1, 1, 1, 1, 1, 1, 1, 1, 1, 1, 1, 1, 1, 1, 1, 1, 1, 1, 1, 1, 1, 1, 1, 1, 1, 1, 1, 1, 1, 1, 1, 1, 1, 1, 1, 1, 1, 1, 1, 1, 1, 1, 1, 1, 1, 1, 1, 1, 1, 1, 1, 1, 1, 1, 1, 1, 1, 1, 1, 1, 1, 1, 1, 1, 1, 1, 1, 1, 1, 1, 1, 1, 1, 1, 1, 1, 1, 1, 1, 1, 1, 1, 1, 1, 1, 1, 1, 1, 1, 1, 1, 1, 1, 1, 1, 1, 1, 1, 1, 1, 1, 1, 1, 1, 1, 1, 1, 1, 1, 1, 1, 1, 1, 1, 1, 1, 1, 1, 1, 1, 1, 1, 1, 1, 1, 1, 1, 1, 1, 1, 1, 1, 1, 1, 1, 1, 1, 1, 1, 1, 1, 1, 1, 1, 1, 1, 1, 1, 1, 1, 1, 1, 1, 1, 1, 1, 1, 1, 1, 1, 1, 1, 1, 1, 1, 1, 1, 1, 1, 1, 1, 1, 1, 1, 1, 1, 1, 1, 1, 1, 1, 1, 1, 1, 1, 1, 1, 1, 1, 1, 1, 1, 1, 1, 1, 1, 1, 1, 1, 1, 1, 1, 1, 1, 1, 1, 1, 1, 1, 1, 1, 1, 1, 1, 1, 1, 1, 1, 1, 1, 1, 1, 1, 1, 1, 1, 1, 1, 1, 1, 1, 1, 1, 1, 1, 1, 1, 1, 1, 1, 1, 1, 1, 1, 1, 1, 1, 1, 1, 1, 1, 1, 1, 1, 1, 1, 1, 1, 1, 1, 1, 1, 1, 1, 1, 1, 1, 1, 1, 1, 1, 1, 1, 1, 1, 1, 1, 1, 1, 1, 1, 1, 1, 1, 1, 1, 1, 1, 1, 1, 1, 1, 1, 1, 1, 1, 1, 1, 1, 1, 1, 1, 1, 1, 1, 1, 1, 1, 1, 1, 1, 1, 1, 1, 1, 1, 1, 1, 1, 1, 1, 1, 1, 1, 1, 1, 1, 1, 1, 1, 1, 1, 1, 1, 1, 1, 1, 1, 1, 1, 1, 1, 1, 1, 1, 1, 1, 1, 1, 1, 1, 1, 1, 1, 1, 