22382
22801
23334
23136
23552
23524
23810
23845
24194
24199
24196
24638
24469
24459
24654
24904
24809
24875
25234
25751
25240
25050
25605
25768
25823
25891
26168
26167
26448
26328
26124
26220
26616
26687
26449
26605
26166
26127
26207
26683
26622
26602
26450
26393
26406
26410
26403
26438
26694
26917
27440
27597
27628
27350
27239
27857
28097
28138
28391
27983
27798
28007
28481
29026
28941
29124
29238
29527
29550
29528
29685
29459
29673
29672
29536
29934
29960
30120
29967
30383
30667
30511
30695
31329
31526
31409
31685
32029
31855
31879
32126
32248
31995
32103
31704
32262
32401
32077
31959
32703
33565
33147
33306
33617
33476
33320
33060
33272
33004
33324
32814
33329
33062
32949
33538
33235
33087
33294
33316
33194
32715
32878
32988
33272
33863
33662
33929
34047
34094
34254
33766
33830
33706
33949
33968
33799
33948
33631
34058
34198
34289
34508
34731
34415
34513
34420
34484
34404
34811
34600
34885
34618
34722
34699
34585
34686
34565
34690
34467
34531
34753
35485
35542
35750
35416
36161
36080
36142
35802
35875
35882
35273
35817
35737
35497
35241
35676
35422
35854
35567
35982
36036
35949
35876
35360
35704
35718
35536
35929
35954
35699
35520
35538
35965
36014
36215
35916
36033
35922
35682
35827
35816
35627
35987
36157
35975
35691
35721
35417
35578
35597
35058
35313
35441
35408
35533
35792
35467
35954
35280
35027
35254
35565
35376
36031
35771
36013
35881
35791
36117
36055
36007
35742
35872
35793
36463
36166
35601
35889
36189
36315
36150
36183
35997
36044
36112
35812
36031
35849
35887
36231
36287
36224
35990
36514
36068
36190
36436
36041
36492
36523
36190
35684
36034
36115
36271
36035
35877
35975
35943
35928
35746
35820
35637
36113
36222
35571
35641
35954
36112
36078
36132
36249
35964
36243
36409
36132
36109
35852
35682
35608
35857
35472
35112
35395
35570
35515
35660
35443
35702
35465
35413
35579
35735
35653
35747
35819
35523
35721
36076
36195
36417
36282
36310
36476
36625
36590
36465
36396
36508
36443
36367
35988
35771
36318
36448
36098
36051
36118
36564
36224
36297
36272
36482
36313
35996
36029
35768
36629
36894
37001
36698
36687
36280
36325
36163
36011
35548
35969
35607
36073
36090
35874
35522
35835
35149
35624
35793
35766
35549
36146
36189
35858
35944
36482
36382
36512
36190
36389
36735
36487
36570
36756
37054
36810
36786
36210
35735
36006
36224
36426
36006
36446
36190
36565
36213
36022
36171
36028
36209
35812
35607
35503
35592
35942
35891
36562
36510
36578
37001
37145
36697
36646
36917
36456
36602
36162
36287
36239
36354
36025
36202
36013
36298
36153
35889
36372
36154
36772
36660
36887
37068
36875
36866
36530
36236
36535
36313
36813
36823
36916
36502
35824
36537
36288
36505
35854
35811
35966
35689
36025
35730
36274
36571
36366
36286
35686
36001
35778
36057
36334
36408
36025
36131
35968
36059
35856
35881
35033
34557
35445
36030
35670
35951
36156
35960
36616
36522
36222
36062
36529
36377
36719
36422
36692
36487
36074
35960
36378
36713
35998
36016
35672
36205
36900
36606
36291
36168
36283
35892
35786
36350
35982
35383
35651
35618
35724
35867
35527
35492
36080
36163
36133
36332
36569
36171
36445
36533
36202
36249
36490
36302
36350
36035
35963
36106
36213
36199
35503
35610
35393
34607
34893
36050
35869
36541
36788
36713
36213
36354
36124
36264
36358
36128
36251
36294
36226
36422
36312
36139
36508
36345
36441
36054
36186
36011
36422
36193
35704
35382
35776
35820
36103
35517
36121
36233
36224
36199
36214
36248
36251
36095
36361
36669
36190
36498
36206
35860
35626
35699
35703
35366
35519
36312
36705
36008
36168
36097
36228
36316
36477
36164
36320
36549
36388
36653
36468
35931
36638
36657
36088
36244
36192
35913
36187
36431
36268
36028
36202
36473
35986
36036
36121
35908
35545
35566
36105
36133
35720
35749
35802
35162
35721
35395
35524
35806
35690
35255
35742
36165
36048
35677
35612
35920
36643
36252
36301
36218
36207
36528
36595
36329
36206
36266
35807
35935
36507
36609
36626
36342
35943
35899
36270
36071
36522
35881
35965
36233
36532
36193
36143
36409
36427
36593
36654
36226
36121
36352
36249
36814
36845
36715
36655
36472
36317
36024
36672
36366
36074
35917
35860
36370
36652
35873
36209
36333
36436
35898
35644
35983
35867
36246
36193
35632
35827
36054
36281
36685
36593
36873
36716
36816
36706
36428
36022
36382
36220
36151
36417
36086
36242
36247
36486
36396
36330
36528
36060
36368
36342
35837
36232
36160
36526
35968
35615
35297
35451
36429
36363
36346
35881
35535
35551
35783
35538
35878
35468
35524
35578
35700
36071
36498
36732
36355
36230
36173
36053
35910
36139
35948
36083
36141
35815
36598
36123
35871
35970
36367
36397
36529
36164
36462
35865
36335
36191
35872
36144
36178
35996
36124
36401
36056
35982
36131
36061
35892
35630
35426
35377
35270
36061
36360
35880
36354
36263
36383
36268
36173
35941
36239
35980
36078
36091
35555
35330
35307
35510
35364
35113
35166
34997
35183
35130
35360
35309
35066
35851
35628
35261
35474
35491
35638
35474
34891
35235
35185
35638
34866
35241
35541
35926
35761
35380
35630
36078
36095
35854
36051
35727
35709
35919
35354
35977
36364
35606
35926
35863
36040
35874
36107
35924
36225
36259
36236
36311
36064
35859
36172
36065
35947
36136
35857
36187
36024
36790
36936
36739
36724
36691
36292
36014
35727
35546
35834
36055
36157
35806
36288
35901
36185
36042
36103
35310
35546
36082
35791
35714
35645
35875
36056
35548
35859
35818
36035
36163
36043
36271
36575
36142
36164
36250
36504
36108
35936
36300
35803
35730
36644
36019
36245
35966
35502
35857
35912
35848
35456
35567
35505
35232
35287
35088
35941
35742
35234
35270
35803
35331
35656
35816
35697
36088
36365
35903
35791
36239
36330
35673
36012
35789
36011
35567
35650
35875
36113
35706
35432
35547
36239
36351
35945
35886
35837
35989
35535
35520
35450
35453
35304
35738
35683
35923
35679
35824
36000
35637
36213
36612
36482
36230
36032
36672
36525
36367
36389
36295
36359
36478
36911
36846
36517
36383
36436
36481
36540
36508
36555
36412
36153
35906
35935
35530
35558
36000
36098
36166
35828
36013
36255
35977
36487
36374
36326
36067
35814
35908
35996
35991
35887
35881
35520
35464
36049
35757
36060
36198
36314
35841
35883
36304
36996
36869
36535
36031
36575
35655
36286
35882
35984
35611
35927
36089
36405
36301
36056
35772
35464
35480
35539
35605
35584
35413
35638
35993
36061
35843
36422
36207
36098
36098
36266
36045
36250
36389
36349
36366
35982
36113
35804
35366
35751
36392
36458
35792
35489
35930
35486
35726
35749
36129
36271
36153
36203
36399
36317
35941
35971
35460
35161
35121
35089
35819
35773
35455
35438
35913
36067
35482
34909
35460
35385
36078
36163
35866
35715
35234
35124
34821
35063
35386
35606
35803
35963
35909
35768
36224
36237
36244
36305
36204
36264
36099
35888
36596
36479
36173
35931
35912
36106
36213
35946
36193
36171
36264
36100
35716
36107
36302
36657
36577
36106
35909
36496
36271
36200
36440
36475
36135
36661
36354
36127
36106
36469
36313
36117
36456
36340
35244
36004
36272
36073
36515
36180
36122
36368
36040
35354
35447
35923
36166
36559
35921
35961
35909
36063
35630
35634
35894
35399
35494
35330
36068
36165
36517
36466
36477
36257
36124
36508
36462
36120
36035
36173
35896
35838
35260
35402
35468
35260
35535
35761
36425
35636
35581
35831
35400
35856
36192
35901
35692
35932
35852
35400
35267
35679
35119
35637
35263
35432
35747
35671
36019
35731
36070
36193
36649
35993
36096
36179
35684
35956
36134
36301
36248
35549
35995
35893
36029
35773
36149
36546
36598
36545
35666
35852
35688
35907
35639
35966
35617
35292
35452
35328
35282
35109
35522
35844
35664
35707
35645
35294
35351
35082
35999
35634
35443
35675
34820
34907
35072
35757
35836
36124
35846
35932
36065
36448
36528
36548
36150
36025
36294
36757
35928
36109
35827
36070
36461
36162
36114
36417
36166
36206
36473
36480
36246
36037
36031
36286
36299
36040
36092
36080
36001
36074
35822
36044
35642
35969
36428
35922
36324
35895
36066
36131
35874
36071
36492
36031
36035
35973
35920
36440
36533
36159
35720
35681
36131
36336
36479
36467
36408
36154
36734
36557
36591
36559
36750
36568
36470
36074
36024
36255
36113
35819
35963
35783
35620
35738
36432
36128
35722
36069
35785
35988
35594
35764
35583
35727
35682
35415
35721
35820
35953
36175
36212
36041
35944
36153
36410
35939
35933
35982
35601
35532
36563
35837
35655
35864
35973
36097
36510
36203
36522
36387
36406
36401
35794
36115
36245
36165
36025
36158
36477
35871
35482
35653
35367
35458
35578
35817
35854
35642
35862
36173
35910
36262
36004
35889
35585
35981
36179
35830
35908
35605
35419
35137
35044
35191
35405
35323
35803
35947
36112
35848
36182
36696
36344
36794
36842
36957
36683
36511
36687
36531
36362
36178
36538
36574
36154
36684
36423
36334
36462
36491
36423
36308
36266
36001
36264
36117
36340
36369
35912
36257
36187
35611
35575
35618
35784
36571
36003
36230
36543
36225
35995
36150
35887
35881
36371
36513
35834
35645
35656
36204
36311
36815
36794
36542
36507
36558
36367
36586
36327
36223
36137
36000
35885
35443
35966
35716
36046
35919
36104
35528
36140
36753
36479
36202
35420
36180
35818
35557
35499
35722
35777
35946
35657
35647
35878
35834
35792
36473
36266
36381
36470
36614
36551
36937
36695
36309
36425
36439
36299
35997
36073
35923
35798
35670
35815
35214
35913
35849
35392
35143
35408
35501
35066
34484
34959
35283
35528
35795
35879
35776
35841
35222
35833
35895
35642
35723
35354
35072
35636
35190
35451
35734
35821
35601
35813
36275
36077
36239
36067
36001
35933
35536
35955
36380
36471
36584
36569
36196
36314
36146
36114
36044
36509
36185
36065
36478
35626
35990
36307
36348
36002
35918
36069
36233
35934
36210
36094
35966
35475
35758
35628
35193
35575
35858
35748
36316
36362
36780
36291
35873
36063
35869
36814
36572
36847
36378
36585
36330
36276
36190
35792
36290
36591
36416
36408
35746
35244
35654
35800
35957
35749
35716
35673
35734
35588
35880
36028
36109
35706
35451
34913
35828
35700
35593
35720
35405
35281
35674
35920
36138
36019
36243
35575
36148
35900
35979
36112
36133
36224
36170
35966
35892
35624
35347
35793
36279
36073
36185
36266
36568
36113
36098
35828
36158
36448
36478
36051
35460
36202
36110
36452
36195
36032
35947
36443
36366
36174
36233
36137
36365
36331
36250
36173
36361
36211
36171
35949
35862
35750
35367
35285
35270
35524
35722
35728
35397
35286
36038
36020
36145
35331
35694
35863
35873
35992
35824
35750
35709
35692
36121
36676
36290
35771
35654
35734
36243
35851
35655
35579
35354
35677
35825
36311
36218
35855
36020
35956
35716
35176
35461
35531
34946
35401
35719
35840
36003
35794
36032
35698
35881
36184
35728
36127
36236
35620
35713
35478
35618
35711
35967
36231
36644
36615
36356
36412
36613
36433
36288
36073
36600
36765
36462
36032
36064
36324
36509
36637
36361
36291
36510
36271
36256
36045
36355
36163
36193
36331
36306
36209
36134
35918
35814
35987
36086
35253
35612
35680
35530
35839
35687
36159
35345
35928
35950
35871
36469
36539
35936
36045
36164
36364
35747
35706
35869
36098
36005
36067
35781
35633
36190
36078
35814
35987
36048
35758
35695
35429
35421
35755
35599
35772
35717
35859
35620
35360
35289
35800
35562
36033
35276
35498
35646
35343
35288
35692
35936
35818
36063
35758
35190
35566
36119
35765
35768
35664
35673
35649
35773
36066
35646
36303
36189
36328
36279
36330
36159
36430
36361
36093
36111
35889
35489
36252
36094
35983
36270
36126
36026
36360
36029
35837
35571
35872
35801
35550
35152
35454
35652
36186
35685
36343
36222
35905
36164
36567
36482
36679
36337
36317
36190
36173
36123
36308
36142
36299
36073
36075
36298
35689
36103
36113
35904
36071
35644
35851
36351
36331
36398
36632
36819
36467
36338
36484
36398
36619
36681
36185
36067
36315
36487
36290
36199
36128
36428
35993
35792
35347
35437
34979
35300
35305
35653
35247
35424
35815
35450
35292
35249
35689
35432
35531
35481
35597
35431
35424
36173
36283
36124
35757
35854
36477
36549
36638
36562
36191
36347
36152
36386
36390
36065
35729
35885
35758
35910
35227
35617
36127
36342
35920
35720
35726
35217
35069
35326
35220
35035
35173
35483
35448
35514
35508
35473
35688
35547
36042
36039
35774
36045
36106
36270
36068
35675
35548
35616
35375
35120
35725
35847
35415
35996
35758
36023
35639
35628
35900
35516
35374
35394
35767
35380
35640
35629
35555
35624
35648
36097
35616
35724
36147
35775
35693
35933
35786
35814
35741
35847
35495
35553
35568
35071
35655
35869
35586
35231
35572
35779
36046
35860
35821
36671
36047
35650
36246
35860
36051
36109
35746
36089
35773
35918
35738
35480
35509
35313
35814
35791
35685
36131
35420
35513
35728
35629
35943
35690
35206
35178
35628
36020
35831
36440
35842
36137
36527
36122
35785
35846
36441
35929
35876
36079
36373
36494
36349
35949
35796
35598
35639
34975
35282
35416
36373
36794
36036
36333
36385
36131
36801
36602
36640
36407
36196
36300
36473
36590
36488
35893
36004
36088
36432
36528
36432
36268
36340
36298
36249
35868
35990
35812
36626
36546
36302
36203
36376
36206
36015
36238
35866
36077
36390
36319
36731
36029
35986
36217
36165
36265
36466
36623
36489
36589
36351
36003
36204
35884
36305
36297
35970
36175
36440
36311
35629
35345
35512
35912
35773
35930
35880
35758
35997
36332
36140
35821
35786
36212
35584
36253
36002
35647
36489
36780
36241
36272
35671
36124
35989
35300
35626
35613
35953
35769
36021
35828
35643
36005
35974
36272
36074
36221
35871
36451
36155
36122
36319
36005
36097
36139
36053
36067
36106
36188
36262
36338
36205
35893
35787
35884
36020
36256
36047
36103
35868
35968
36012
36587
36461
36263
36310
36170
36343
36307
36151
36440
36451
36226
35929
35769
35744
35719
35387
35305
36093
36274
36724
36183
36087
36259
35977
36281
36089
36378
36073
36082
36096
35634
35749
35855
35396
35568
35612
35613
35687
35899
35974
35602
35752
35580
35857
35904
35900
36603
36196
36428
36286
36740
36311
35874
36043
35958
35865
36202
35818
35968
36454
36229
35947
36040
35955
36104
36281
35873
36269
36196
35809
36218
36204
36233
36588
36119
36227
36944
36432
36228
36012
36457
36310
36438
35989
35847
35781
35807
35729
35805
36052
35961
36495
36041
36231
35800
36159
36371
36744
36677
36256
36509
36414
36438
36237
36502
36429
36291
36039
35962
35824
36246
36494
35910
35995
36077
36000
36843
36622
36502
36495
36742
36591
36547
36289
36440
36442
36347
36606
36707
36554
36294
36528
36484
36322
36532
36182
36027
35857
35595
35472
35654
36091
35963
35949
35621
35595
35755
35412
34903
35144
35021
35877
36054
36034
35865
35854
36003
35942
36134
36479
36688
36705
35920
36358
36302
36237
35849
35819
36177
36311
36304
36408
36132
35957
36370
36289
36425
36460
36371
35827
35852
35923
35150
35508
35560
35871
36288
36150
36135
36397
36133
35719
35747
35793
35686
35429
35707
35702
35564
36146
36140
35610
35651
35478
36148
35722
36235
36136
35633
36267
35981
36316
36007
36152
36220
36066
36188
36094
35821
36279
35991
36207
35565
36118
36030
36101
35789
35777
35672
35950
35716
35865
35586
35654
35539
35559
35565
35411
35991
36004
36183
36267
36400
35820
36123
36132
35939
36190
36538
36078
36430
36271
36782
36480
36174
36067
35876
35965
35996
35302
35343
35054
35443
35277
35450
35028
35381
35728
36522
35686
35306
35839
35612
35714
35342
35289
35305
35380
36103
36370
36025
35789
36068
36084
35621
36163
35517
35934
36255
36546
36672
36372
36624
36470
36369
36248
36245
36538
36262
36364
36621
36341
36273
35987
36246
36300
36012
35594
35077
35585
34991
35087
35661
35789
35268
35754
35149
35733
35936
36172
35489
35869
35855
36016
36276
36066
36032
35769
35543
36048
36018
36361
35975
36074
36131
36432
35863
35928
35698
35989
35883
36036
35886
35877
35697
36045
36074
35516
35997
36101
35754
36112
36469
36496
36202
36088
36247
36223
35671
35852
35968
35871
35751
35666
35730
35634
36028
36188
35723
36410
36088
35977
35928
35733
35597
35725
35924
35893
35375
35545
35801
35096
35206
35921
35832
35653
35537
35866
35658
35570
35885
35940
35732
35871
36107
35660
35725
35806
35937
35793
35529
36000
36069
35127
35468
35463
35227
35947
36291
36044
35896
36436
36362
36403
36444
36032
35766
35641
35620
35791
36420
36286
36267
36405
36358
36441
36280
36123
36533
36496
36714
36800
36362
36295
36575
36253
36784
36396
36544
36647
36119
36072
36065
35440
35425
35801
36020
35902
36128
36000
35927
35860
35920
35976
35844
35451
35318
35050
35474
36076
35997
36032
36016
35680
35503
35101
36115
36237
35849
36114
36319
36334
36149
35943
36072
36092
36095
36492
36458
36022
36011
36036
35518
35933
36313
36434
36279
36103
36148
36072
35790
35467
35683
35627
35562
35481
34902
34974
35143
35364
35442
35759
35783
35863
35367
35613
36226
36109
36010
36047
36561
36361
36705
36322
36141
35910
35926
35571
35354
35793
35733
36041
36025
36178
36462
36377
36240
36380
36456
36172
36421
36364
36344
36506
36562
36300
36185
35725
35890
35324
35812
35838
35578
35604
35633
35924
35949
36132
35811
35769
35528
35832
36008
35921
36112
36323
36417
36704
36423
36546
36483
36130
36076
36241
36437
36040
35983
36100
35715
36184
36457
36378
36497
35998
36522
36039
36178
36199
35757
36295
36227
36064
36283
36793
36716
36142
36206
36458
36011
36315
36432
36277
36608
36587
36259
36227
36048
36147
35655
35948
36462
36527
36080
36328
36608
36155
36285
36504
36228
35774
35709
35433
35666
36041
35797
35938
35901
35695
35967
36479
36144
36220
36049
36807
36276
36385
36088
35877
36374
36718
36753
36134
36121
36056
35989
35525
35868
35578
35688
36387
36397
36196
36167
36349
36440
36708
36361
35906
36013
36239
36495
36837
36894
36793
36528
36332
36469
36279
36279
36492
36013
35953
35688
35576
36269
36382
36277
36268
35942
36109
36388
36766
36221
36111
36237
35822
36193
35830
36251
36141
35685
35755
35673
35619
36087
35925
35785
36534
35933
36499
36242
36058
36140
36124
36056
36791
36435
36182
36109
36140
36344
35876
35791
35901
36062
36342
36148
36463
36223
36127
36416
35957
36032
35908
35971
36103
35780
35192
35472
35428
35279
35392
35610
35430
36437
36317
36017
36347
35662
35885
35549
35441
36044
36075
36598
36634
36560
36173
35806
36025
35797
35739
36058
36115
35560
35799
35600
35818
35888
36182
35774
36251
35801
36051
35542
35405
35416
35618
35652
35775
36349
36251
36340
36253
36570
36486
35942
36370
36148
35957
35801
36442
36437
36239
35897
35999
35979
36462
35853
36266
36316
35773
36265
36746
36135
36835
36557
36603
35834
36178
36767
36599
36456
36431
36287
35715
35585
36064
36234
36020
36256
36296
36335
36189
36263
36273
36391
36254
36366
36471
36744
36480
36653
36877
36536
36424
36287
36193
36190
35740
35936
36384
35880
36378
35962
35805
36071
35774
35772
35783
35472
35379
35966
35678
35772
35836
36162
35868
35468
35351
35442
35939
35698
35531
36340
36276
36395
36088
36240
36272
36002
36152
36127
35736
35771
35987
36122
36173
35901
35852
36042
35843
35579
35831
36429
36163
35743
35799
35768
35682
35215
35081
35375
35642
35429
35186
35350
34885
35257
35379
35291
35769
36233
35836
35674
35389
35493
36278
35980
36039
36085
35628
35481
36070
36378
36387
36232
36352
35936
35835
35832
36394
36452
36215
36062
36257
36505
36400
36087
36395
36397
36313
36295
36274
35944
36042
36029
36256
36191
36279
36064
35864
35962
35293
35286
35168
35262
35362
35385
35262
35232
35679
35635
35943
36371
36575
36376
36737
36621
36194
36191
36317
36344
36582
37133
36717
36363
36421
36403
36537
36831
36616
36473
36745
36956
36549
36642
36292
36229
36089
36128
36273
36135
36214
36417
36614
36131
36512
36323
35745
35557
35333
35350
34966
35348
35252
35069
34944
35049
35207
35458
35684
35951
35805
35894
35537
36069
36366
37029
36333
36087
36278
36460
36530
36304
36279
36316
35935
36208
35993
36116
36337
36427
36171
36211
36142
36369
36030
35795
35924
36024
36459
36200
35871
35258
35311
35490
35031
35591
35157
35465
35278
35115
35256
34959
35140
34784
35366
36146
35739
35646
35933
36396
36555
36274
36182
36456
35981
36229
36610
36759
36348
35985
35901
35563
35807
35582
35373
35465
35163
34910
34709
34455
34728
35378
35217
35401
35251
35602
35895
35760
35661
35718
35534
35637
35526
35261
35419
35436
35899
35533
35336
36099
35898
35598
36021
35872
35593
35319
35251
35699
35864
36010
35790
35542
35687
36392
36221
36732
36883
36574
36742
36205
36308
36406
36524
36369
36245
36322
36484
36458
36251
36580
36358
36163
36559
36172
36709
36376
35828
36131
35814
35671
35506
35419
35426
35804
35513
36470
36564
36919
36468
36564
36737
36600
36708
36684
37240
36531
36369
36423
36490
36758
36661
36305
36445
36385
36589
36188
36086
36392
36102
36397
36691
36132
36112
36280
35897
36008
35734
35890
35773
36030
36458
36262
35953
36219
35855
36432
36303
36389
36234
36944
36614
36314
36643
36335
36489
36711
36465
36153
36132
36002
35992
36073
36042
36136
36456
36497
36197
36128
36168
36256
36137
35957
35464
35259
35840
35604
35520
35628
35576
35379
35812
35747
35017
35268
35238
35686
35765
35872
36184
36272
36203
35765
36275
36276
36297
36255
35662
35916
35910
35825
36269
36462
36470
36377
36238
36589
36425
36411
36063
36847
36606
36361
36400
36389
36296
36162
36026
36417
36601
36173
35848
35821
36025
36082
36086
36286
35999
35938
36153
36040
36096
35868
36092
36316
35738
35379
35630
35605
35265
35142
34610
35124
35104
35165
35418
35218
35229
35557
35795
35395
35435
35417
34954
34862
34438
34200
35025
34630
34015
34017
35114
35897
35536
35638
35534
35336
35460
35382
35073
35707
35603
36162
35891
35955
35808
35398
35608
36425
36062
36090
36271
36249
36450
36638
36740
36527
36343
36488
36431
36416
36283
36484
36570
36790
36654
36722
36636
36407
36521
36667
36602
36861
36770
36349
36147
36104
36083
36618
35656
35886
36368
35992
36415
36476
36523
36624
36466
36074
36100
36426
36195
36804
36663
36777
36391
36414
36151
36049
36079
36211
36417
36527
35849
36233
36073
35882
36162
36291
36175
36078
36419
36333
36293
36213
35898
35870
36362
36274
36027
35968
36305
36005
35761
35743
35775
36181
35853
35690
35252
35214
35425
35468
35641
35899
35602
35472
35708
35399
35360
35587
35622
35634
35770
36235
35891
36158
35623
36280
35540
36106
35868
36304
36270
36454
36316
36470
36134
36597
36520
36576
36845
36715
36612
36673
36407
36567
36042
35876
36194
36335
35913
36133
36203
36090
35912
36181
35890
36064
36339
36026
36079
36098
35914
36189
35940
36028
36202
35740
36255
35832
35714
35761
36090
36269
36576
36459
36973
37037
36936
36537
36843
36601
36713
36888
36197
36087
36303
36130
35800
36553
35918
36246
35839
36719
36154
35516
36510
35993
35852
35796
36450
36045
36388
36785
36178
36334
36423
35740
36082
35647
35905
36374
35700
35791
35634
36098
35627
36104
36418
36338
36332
35847
35442
35677
35402
35066
35095
35054
34737
35614
36007
36413
36384
36346
36046
36785
36452
35986
36264
36418
36557
36432
36533
36329
35758
36182
36183
35539
35432
35862
35735
35998
35875
36158
35902
35831
36319
36333
36072
36068
35714
36046
35985
36075
35890
35869
35527
35212
34958
35084
35023
34889
35270
35240
35363
35290
35562
35518
36045
35657
35688
35875
35494
35463
35892
35887
36550
36819
36561
36266
36403
36694
36595
36857
36592
35858
36071
36097
36060
35845
35853
36143
35565
35005
34659
34809
35107
35699
35415
35814
35428
35944
35157
35694
36405
35614
36022
35970
35768
35998
35987
36098
35899
36035
36195
36261
36162
36403
36060
36122
35982
36268
36048
36227
36286
36155
36336
36288
35960
35817
35843
35872
36165
36225
36055
35964
36390
36492
36105
36072
36070
35995
36096
35779
36536
36109
36296
36339
36414
36138
35610
35839
36278
36345
36792
36874
36483
36896
36548
36798
36414
36580
36469
36069
36107
36701
36733
36477
36422
36642
36691
36253
35886
35968
36287
36226
35993
36106
36478
36449
36711
36769
36761
36096
36130
36643
36244
36495
35668
35587
35647
35581
35664
35795
36340
36772
36191
36374
36103
35974
35994
36052
35922
36069
35905
35989
36198
36033
36079
35773
36328
36108
35857
36215
36447
36242
36586
36091
36570
36965
36390
36458
36380
36300
36196
35992
35996
36091
36156
36256
36316
36078
36154
36486
36071
35727
35967
36275
36261
35960
35726
35809
35428
35496
35934
35917
36373
36042
35763
36067
35793
36552
36387
36080
36271
36228
36235
36372
36151
36490
36003
36812
36135
36007
36198
35916
36089
36489
36492
36812
36520
36782
36124
36247
35812
35733
35870
35946
36434
36111
36101
36278
35960
35883
36220
36466
36322
36022
36071
36432
36284
35995
35557
35644
35701
35838
35519
35207
35802
36256
35771
35710
35954
36435
36100
35701
35223
36188
36564
36780
36248
36001
35734
35369
35806
36229
36077
35704
36051
36033
36274
36566
36359
35991
36094
36291
36034
35771
35829
35937
35767
35889
36004
35823
36275
36103
36033
36155
35799
35825
35787
36059
35887
36325
36260
36239
36214
36020
36270
36186
35846
36460
36027
36031
36319
36431
36529
36538
36059
36427
36637
36511
36399
36315
36398
36646
36624
36920
36354
36065
35803
36206
35871
35860
35672
35128
35680
35949
36004
35723
35849
35921
35657
35343
35670
35657
36129
35591
35595
36109
36298
35989
35873
35723
36191
36067
36426
36148
35903
36403
35868
36239
35925
36011
35994
35720
36102
36082
36074
35913
36223
35800
35654
36085
36073
36403
36451
36335
36393
36098
35854
35861
35813
35920
36150
35889
36023
35993
35579
35855
36402
36187
35467
35708
35743
35613
35520
35968
35940
36317
36302
36143
36528
35922
36139
36213
35770
35372
35659
35477
35717
35910
36093
35857
35732
36033
35776
35808
35401
35815
35762
35745
35784
35590
35543
34985
35265
36077
35929
36464
36527
36893
36824
36826
36700
36811
36367
35408
35429
35772
36142
36287
35870
36032
36454
36103
35708
36198
36103
36029
36345
36268
36485
36396
36473
36641
37108
36565
36614
36283
36279
36326
36078
36569
36174
36358
35909
35761
35410
35398
34716
35362
35515
35977
35503
36171
35470
35294
34798
35516
35635
35724
35520
35699
35553
35870
35978
35847
36143
36064
36226
36198
36116
35983
36038
36019
35603
35316
36315
36194
36243
36393
36007
35917
36143
35989
35816
36463
36410
36629
36361
36065
35965
36490
36553
36605
36533
36254
36641
36056
36048
36154
36064
36475
36091
35775
35584
35744
36073
36460
35874
36010
35637
35962
36134
36630
36298
36145
36020
36079
35745
35829
35269
35497
35223
35668
35643
35664
36240
36499
35978
35864
35462
35731
36011
35530
35249
35030
35008
35181
35369
35262
35778
35665
36243
35666
35622
35518
36108
36097
36091
36105
35873
35647
35931
35875
36233
36255
36103
35828
35601
35276
35148
35931
36204
36365
35933
35795
36106
36270
36450
36014
36404
36321
36480
36278
35890
35821
35803
36114
36050
36021
35783
35981
36510
36679
36522
36531
36318
36212
36047
35884
36080
35730
36102
36299
36345
36152
35990
35480
35655
35723
35676
36215
36417
36221
36079
36199
35951
35958
36217
36016
35482
36041
35280
35718
35695
35662
35649
35044
35904
35388
36204
36544
36173
36340
35732
36022
35933
35868
36370
36334
36362
36177
36739
36451
36019
36014
36037
36101
36044
35847
35649
36483
36351
36553
36253
36754
36490
36611
37010
36792
36465
36733
36523
36458
36360
36180
36103
36315
36804
36596
36500
36037
35650
35958
36225
35975
36283
36186
36100
36086
36150
36497
36556
36417
36517
36739
36631
36777
36387
36461
36761
36514
36106
35898
35923
36193
36220
36579
36141
36270
36506
36195
36035
35884
36158
36245
36275
36518
36159
36151
35944
36003
36281
36387
36357
36321
36196
36278
35593
35590
35211
35479
35978
36236
36281
35999
35879
35982
35859
35832
35992
35503
35859
35643
36407
36303
36200
36254
35950
36121
36484
36174
36325
35665
35578
35626
36086
36350
35839
35687
35371
35486
35893
36004
36342
36171
36460
36339
36136
36345
36415
36412
36348
35704
35592
35928
35811
35789
35781
35943
35799
36139
35756
36103
36332
36426
35804
35718
35591
35807
35673
36181
36215
35759
35893
36309
35419
35851
35759
36154
36509
36327
35932
36144
36010
36224
36245
36555
36422
36158
36257
36431
35703
35873
35834
35933
36795
36163
36401
35880
35970
36256
36010
36208
35961
35673
35662
35624
35419
35184
35518
35590
35316
34739
35168
35172
35357
35529
35295
35783
35408
35752
36139
35763
35957
34951
35645
35411
35842
35920
35467
35446
35259
35193
35645
35127
34877
34219
34628
34601
35075
35074
34969
34852
35385
35175
35323
34855
35058
34997
35518
35798
36645
37020
36824
36800
36516
36118
35383
35374
35920
36401
36312
35820
35671
35542
36015
35919
35666
36134
35631
35731
35446
35971
35169
35469
36018
36276
36218
35724
36030
35826
36163
35752
35955
36026
36267
36013
35836
36174
35892
36120
36439
36139
35696
35795
35701
35904
35744
36589
36134
36093
36178
36320
36359
36532
36507
36592
36149
36406
36266
35909
36272
35736
36240
36303
36323
36150
36075
35785
36182
36448
35960
36250
36026
36040
36018
36215
35845
35605
35409
35740
35607
35720
35908
35872
35719
36089
36280
36281
36298
35813
36027
36037
36162
35650
36206
35967
35286
35371
36124
35531
35348
35448
35729
35418
35987
35995
36054
36403
36305
36353
36368
36464
36444
35921
35886
36048
35996
36470
35899
35682
35831
36050
35993
35999
36383
36294
35580
35806
36043
35936
36427
35885
35676
35427
35909
35790
35637
35547
36146
36185
36369
36549
36198
36438
36572
36251
36051
36594
35992
36131
36060
36470
36716
37021
36438
36577
36852
36404
36341
36432
36392
36425
36502
35611
35842
35897
35883
35636
35662
35426
35169
35613
35737
36004
35757
35620
35758
35625
35704
35902
36224
36323
35783
35935
36038
36251
36005
35816
36070
36347
36200
35802
36198
36253
36425
36003
36270
36328
36006
35796
36094
36270
36208
36480
36528
36207
36053
36302
36444
35845
36318
36664
36218
36542
36375
35796
36291
35535
35781
36218
36182
36670
36500
36249
36220
36740
36960
36988
36913
36650
36112
36296
36107
36303
36234
35872
35842
35832
35903
35801
35830
36143
36097
36659
36631
36936
36765
36386
36298
36465
36979
36598
36293
36334
36611
36674
36785
37110
36335
36381
36159
35992
35702
35564
35220
35014
35367
35657
35684
36192
36270
36314
35993
35986
35774
36082
36108
35906
35964
36056
35782
36162
35747
36170
36386
36096
35603
35312
35079
35325
35322
35451
35812
36026
35848
36021
35550
35068
35712
35278
35632
35471
35102
35239
35259
35560
35392
35679
35706
36200
35628
35621
35424
35264
35087
35298
35351
35062
35516
35212
34448
34510
34836
34717
34905
34122
35055
35416
35557
35558
35601
36299
35928
36360
36401
36251
36415
36511
36408
36633
36298
36045
36602
37169
36493
36248
36135
36086
35879
36062
35710
35892
36028
36099
36247
36554
36529
36051
36137
36305
35947
35962
35837
35985
35833
36007
36359
36012
35660
35840
35083
35531
35178
34508
34824
34893
35329
34677
35773
35891
35084
34601
35021
35446
35667
35763
35938
35885
36437
35693
35037
34617
34687
34889
35255
35437
35962
35541
35766
35768
35753
35629
35673
35742
35619
35228
35321
36015
35685
35581
35566
36398
36365
36496
37167
36697
36044
36251
36309
36339
36070
35884
36188
35792
35443
36105
gen: 50002, 0, 1, 0, 0, 1, 0, 0, 0, 1, 1, 0, 0, 0, 0, 0, 0, 0, 0, 0, 0, 0, 1, 0, 0, 1, 0, 0, 0, 0, 0, 1, 0, 0, 0, 0, 0, 0, 0, 1, 0, 0, 0, 0, 0, 0, 0, 0, 1, 0, 0, 0, 0, 1, 0, 0, 0, 0, 1, 0, 0, 0, 0, 1, 0, 0, 0, 0, 0, 0, 0, 0, 0, 0, 0, 0, 0, 1, 0, 0, 0, 0, 0, 0, 0, 0, 0, 0, 0, 0, 1, 0, 0, 0, 0, 1, 0, 1, 0, 1, 0, 0, 0, 1, 0, 0, 0, 1, 0, 0, 0, 0, 0, 1, 0, 0, 0, 1, 0, 0, 0, 0, 0, 1, 0, 0, 1, 0, 0, 0, 0, 0, 0, 0, 0, 0, 0, 0, 0, 0, 0, 0, 0, 0, 0, 1, 0, 0, 0, 0, 0, 0, 0, 0, 0, 0, 1, 1, 0, 1, 0, 0, 0, 1, 0, 0, 0, 0, 0, 0, 0, 0, 0, 0, 1, 0, 0, 0, 0, 0, 0, 1, 0, 0, 0, 0, 1, 0, 0, 0, 0, 0, 0, 0, 0, 0, 0, 0, 0, 1, 0, 0, 0, 1, 0, 0, 1, 0, 0, 0, 0, 0, 0, 0, 0, 0, 0, 0, 0, 0, 0, 0, 0, 0, 1, 0, 1, 0, 0, 0, 0, 1, 0, 0, 1, 0, 0, 0, 0, 0, 0, 0, 0, 0, 0, 1, 0, 0, 0, 0, 0, 0, 0, 0, 0, 1, 0, 0, 1, 0, 0, 0, 0, 0, 0, 0, 1, 0, 1, 0, 0, 0, 0, 0, 0, 0, 0, 0, 0, 0, 0, 0, 0, 0, 0, 0, 0, 0, 0, 0, 0, 0, 0, 0, 1, 0, 0, 1, 0, 0, 0, 0, 0, 0, 1, 0, 0, 0, 1, 0, 0, 1, 0, 0, 0, 0, 0, 1, 0, 1, 0, 0, 0, 0, 1, 1, 0, 0, 0, 0, 0, 0, 0, 0, 0, 0, 0, 0, 0, 0, 1, 0, 0, 1, 0, 0, 0, 0, 1, 0, 0, 0, 0, 0, 0, 0, 0, 1, 0, 0, 0, 1, 0, 0, 1, 0, 0, 0, 0, 0, 0, 0, 0, 0, 0, 0, 1, 0, 0, 0, 0, 1, 0, 0, 0, 0, 0, 0, 0, 0, 0, 0, 0, 0, 0, 0, 0, 0, 0, 0, 