2160
2160
2160
2164
2160
2160
2160
2181
2217
2217
2148
2148
2101
2185
2203
2084
2050
2092
2134
2125
2189
2103
2205
2091
2079
2072
2087
2096
2130
2176
2298
2235
2353
2322
2196
2243
2218
2204
2284
2282
2142
2212
2133
2178
2272
2219
2197
2087
2153
2118
2058
2123
2045
2094
2123
1847
1964
2085
1922
1978
2009
2068
1941
1952
2005
1989
1921
1931
1895
1995
2011
1808
1861
1910
1941
1907
1879
1861
1836
1796
1845
1887
1836
1846
1861
1953
2024
1967
1871
1818
1789
1801
1850
1880
1731
1879
1904
1861
1927
1937
1986
1946
1991
1917
1827
1869
1909
1845
1731
1930
2053
2141
2108
2268
2092
2020
2101
2110
2085
2090
2019
2085
2000
1953
2039
2042
2125
2003
1967
1932
2020
1965
2033
2034
2067
2065
2046
2042
2018
2002
2026
1976
2030
1910
1998
1987
1943
1911
1912
1833
1908
1851
1869
1920
1889
1922
1847
1816
1960
1958
1987
1969
2009
2017
1965
1983
1897
1966
1948
1914
1891
1915
1920
1935
1968
1958
1829
1961
1855
1919
1951
1927
1962
2001
2012
2002
2015
1986
1954
1962
1953
1916
1891
1928
1882
1975
1946
1947
1972
1938
2063
2025
2069
2089
2171
2022
2056
2050
2007
2017
1968
2069
2061
2003
2001
1969
2007
2032
2031
2098
2094
2129
2200
2088
2146
2118
2122
2017
2031
2010
2014
2035
2020
2058
2184
2038
2032
1987
1954
1969
1981
1916
1932
1977
1933
1970
1910
1933
1996
2091
1969
2024
1954
2037
2043
2067
2123
2066
1954
2111
1997
2037
2013
1949
2044
1968
1981
2070
2070
2027
1995
1880
2027
2059
2081
2045
2181
2039
1968
2044
2013
2027
2006
1984
1963
1980
2021
2014
1915
1901
1919
1815
1847
1799
1866
1927
1876
1931
1800
1845
1845
1938
1951
1916
1983
1926
1898
1981
1981
2087
2088
2094
2077
2132
2110
2038
1952
2017
1983
2005
2013
2043
2076
1989
1964
1920
1873
1852
1875
1831
2038
1941
1865
2028
1962
1986
1984
2021
1934
2028
2116
2139
2133
2166
2165
2173
2194
2290
2268
2303
2309
2224
2248
2261
2297
2146
2110
2222
2170
2148
2170
2149
2132
2209
2213
2299
2292
2234
2203
2128
2118
2012
2016
2058
1998
2077
2058
2013
2003
1875
1982
2080
2043
2057
2077
1989
2089
2141
2148
2104
2097
2085
2108
2194
2122
2043
2049
2012
1945
1958
2037
2011
1989
2096
1993
2141
2048
2153
2159
2116
2024
2008
2068
1986
1995
2042
2046
2028
1838
1808
1829
1984
1967
1931
1925
1898
1955
1969
1912
1984
2063
2105
2097
2022
2090
2074
2076
2050
2049
1966
2030
2113
1977
2040
2060
2099
2040
2030
2110
2126
2125
2112
2118
2120
2114
2076
2054
2101
2041
2109
2051
2014
2056
2118
1966
2028
2029
2047
2123
2126
2214
2146
2066
2102
2117
2199
2202
2141
2083
2139
2293
2293
2212
2189
2169
2199
2196
2202
2188
2202
2144
2066
2073
2049
2076
2092
2105
2184
2142
2134
2089
2098
2158
2167
2164
2041
2035
2033
2166
2070
2161
2196
2262
2162
2149
2149
2112
2068
2189
2151
2086
2207
2132
2025
2122
2148
2098
2108
2131
2130
2191
2252
2139
2166
2282
2275
2306
2144
2076
2023
2151
2101
1993
2054
2230
1977
2062
2162
2144
2203
2175
2188
2021
2028
2062
2110
2099
2123
2070
2033
2009
1974
1970
1980
1936
1956
2025
1982
1904
2041
1982
2016
2061
2132
2065
1975
1951
2043
2002
2080
2089
2030
2060
1841
1842
1929
1805
1883
1829
1810
1800
1816
1782
1868
1804
1874
1820
1983
2048
2000
2009
2039
2012
1971
2011
1912
1999
1944
2012
1970
2011
2051
2128
1984
2003
2091
2128
2088
2098
2110
2076
2117
2081
2091
2142
2100
2107
2059
2025
2084
2132
2071
2133
2209
2211
2249
2293
2203
2163
2184
2135
2075
2103
2079
2049
2137
2083
2002
2010
2103
2087
2104
2022
2056
2003
2001
1859
1917
1925
1972
1891
1900
1978
1994
2045
2092
2107
1929
2025
2123
1948
2056
2044
2040
1965
2008
2015
2011
2097
2127
2142
2140
2164
2064
2122
2101
1978
1915
1930
2001
1932
1964
1942
1934
1889
1916
1848
1893
1855
1875
1875
1886
1905
2021
2057
1998
1963
1964
1930
1893
2013
1967
2016
2002
2034
2020
2007
2035
2096
2096
2066
2095
2067
2053
1937
2018
2098
2155
2164
2056
2098
1961
1994
1936
1918
1988
1899
2020
2067
2135
2122
2155
2145
2107
2194
2163
2177
2075
2056
2138
2143
2120
2124
1966
2019
2045
1954
1923
1912
1900
1889
1854
1944
1908
1967
2006
2103
1967
2074
2101
2060
1899
1871
1919
1985
1917
2002
1868
2011
2081
2039
2030
2046
1995
2039
2053
2119
2090
2051
2058
1975
1972
2042
2103
2167
1984
2020
1948
2108
2073
2075
2062
2049
1935
2061
2124
2042
2089
2112
2080
2074
2084
2043
2046
2029
1925
1854
1888
1910
1927
1987
2014
1985
2027
2115
2073
1878
1905
1916
1867
1927
1913
1944
1974
2000
2067
2008
2133
2095
1991
2030
2031
1988
2052
2139
2047
2122
2108
2066
1987
1949
2007
2044
2012
2103
2088
2114
2161
2181
2064
2156
2084
2007
2008
2015
2030
1924
1993
1994
1976
2020
2010
2045
2087
2049
2100
2102
2135
2174
2194
2110
2063
2055
2079
2002
1987
2094
2047
2076
2084
2082
2104
2156
2188
2166
2142
2169
2186
2131
2211
2191
2171
2170
2151
2259
2266
2190
2126
2099
2093
2119
2076
2034
2005
2039
2009
2045
1994
2046
2052
2199
2125
2079
2058
2080
2184
2215
2204
2148
2140
2137
2178
2125
2193
2159
2182
2209
2134
2190
2068
2064
2041
2112
2131
2010
1983
2089
1981
1961
1892
1898
1921
1911
1877
1908
1923
1894
1918
1804
1897
1906
1963
1934
1947
1997
1991
1987
1938
1894
1922
1891
1919
1963
1933
1952
1825
1835
1876
1873
1934
1970
1944
1927
2025
2025
2023
1973
2077
2151
2007
2006
2031
2121
2117
2115
2050
2078
2060
2052
2061
1, 0, 0, 1, 0, 1, 1, 0, 0, 0, 1, 0, 1, 0, 0, 1, 1, 0, 0, 0, 1, 1, 1, 1, 0, 0, 1, 1, 0, 1, 0, 1, 0, 1, 0, 1, 0, 1, 0, 0, 1, 0, 1, 0, 1, 0, 0, 0, 0, 1, 1, 0, 0, 1, 0, 1, 1, 0, 1, 0, 0, 1, 1, 1, 1, 1, 0, 0, 0, 1, 0, 1, 1, 0, 1, 0, 1, 1, 1, 0, 0, 1, 0, 0, 0, 0, 1, 1, 1, 0, 0, 0, 0, 1, 0, 0, 1, 1, 1, 1, 0, 0, 0, 1, 0, 1, 0, 0, 0, 1, 0, 0, 0, 1, 1, 0, 1, 1, 1, 1, 1, 1, 1, 0, 0, 0, 0, 0, 0, 1, 0, 0, 1, 0, 1, 0, 1, 0, 0, 0, 0, 1, 0, 1, 0, 1, 0, 1, 1, 0, 1, 1, 0, 1, 0, 0, 1, 0, 0, 0, 0, 1, 1, 1, 0, 0, 1, 1, 1, 1, 1, 1, 0, 1, 0, 1, 1, 1, 0, 1, 1, 0, 1, 0, 1, 1, 1, 1, 1, 0, 1, 1, 0, 0, 1, 0, 0, 1, 1, 1, 1, 0, 0, 0, 1, 1, 1, 1, 1, 1, 0, 0, 0, 0, 1, 0, 0, 1, 1, 1, 0, 1, 0, 1, 1, 0, 0, 0, 1, 1, 0, 1, 1, 1, 0, 1, 0, 1, 1, 0, 0, 1, 0, 1, 1, 1, 1, 0, 1, 1, 1, 1, 1, 0, 0, 0, 0, 0, 0, 1, 1, 0, 0, 0, 0, 0, 1, 0, 0, 0, 1, 1, 1, 0, 0, 1, 1, 0, 0, 0, 0, 1, 0, 1, 0, 1, 0, 0, 1, 1, 0, 0, 1, 1, 1, 1, 1, 1, 0, 1, 1, 1, 1, 0, 0, 1, 0, 1, 1, 0, 1, 1, 1, 0, 1, 1, 1, 1, 0, 0, 0, 0, 0, 1, 0, 0, 1, 0, 1, 0, 1, 1, 0, 0, 1, 1, 0, 0, 1, 0, 0, 1, 1, 1, 1, 1, 0, 0, 1, 1, 1, 1, 0, 1, 0, 0, 1, 1, 1, 0, 0, 0, 0, 1, 1, 1, 0, 1, 1, 1, 1, 1, 1, 0, 1, 0, 1, 1, 1, 1, 0, 1, 1, 0, 1, 1, 0, 0, 0, 0, 0, 0, 0, 0, 1, 0, 1, 1, 1, 0, 